Breed4,Breed3,Breed2,Breed1,id
0.108669162339965,0.673979967295895,0.108669162339965,0.108681708024175,sample_1
0.24856364242124,0.254309072730282,0.24856364242124,0.248563642427238,sample_2
0.227710351219214,0.227710353672663,0.316649987702817,0.227929307405305,sample_3
0.24995415877515,0.250092618022227,0.249954166174722,0.2499990570279,sample_4
0.2498068720654,0.249806873650773,0.249806872065583,0.250579382218245,sample_5
0.24961467688008,0.249614676705313,0.249614676705313,0.251155969709293,sample_6
0.249996033780035,0.24999603377988,0.249996033779872,0.250011898660213,sample_7
0.582089882775755,0.139301756805226,0.139301756805226,0.139306603613793,sample_8
0.249817529096697,0.249817529096661,0.249817529096667,0.250547412709975,sample_9
0.300233662529681,0.233255176531301,0.23325517652964,0.233255984409379,sample_10
0.246741578625763,0.259775260470588,0.246741578625763,0.246741582277886,sample_11
0.231837306415214,0.231837307220964,0.304472436906402,0.231852949457421,sample_12
0.249819764770241,0.249819015423881,0.249818890746352,0.250542329059526,sample_13
0.249828393477179,0.249828393461441,0.249828393443584,0.250514819617796,sample_14
0.244232205064228,0.244232205715963,0.267303124876257,0.244232464343553,sample_15
0.144059144046434,0.144059772606489,0.567813736678084,0.144067346668993,sample_16
0.573150805837259,0.142264685806621,0.142264685806572,0.142319822549547,sample_17
0.249867318826749,0.249867318892233,0.249867318869127,0.25039804341189,sample_18
0.321358181912717,0.226213743813181,0.226213743812932,0.226214330461169,sample_19
0.481290180906552,0.172903208028928,0.172903208028928,0.172903403035592,sample_20
0.220523970479034,0.220523970480013,0.338427351779656,0.220524707261296,sample_21
0.249934267100169,0.250197198570572,0.249934267100169,0.24993426722909,sample_22
0.249980880135005,0.249982276867882,0.249980880143365,0.250055962853748,sample_23
0.237368684298924,0.237368750659008,0.287893839044718,0.23736872599735,sample_24
0.249811737390828,0.250509526471509,0.249811737391605,0.249866998746058,sample_25
0.249926203069111,0.249926203069111,0.249926203069111,0.250221390792666,sample_26
0.24995907296418,0.249959073297918,0.24995907296418,0.250122780773722,sample_27
0.24969480476428,0.250915538209295,0.24969480476428,0.249694852262146,sample_28
0.248522393006848,0.248522393019032,0.254431032034063,0.248524181940057,sample_29
0.249697619998403,0.250907120573194,0.249697619998824,0.249697639429579,sample_30
0.179378839236563,0.179378844550585,0.461859780955366,0.179382535257486,sample_31
0.249158094895508,0.252525680645947,0.249158094895508,0.249158129563037,sample_32
0.249071873516246,0.249071873514744,0.249071873514735,0.252784379454276,sample_33
0.249603545720878,0.249603545720878,0.249603545720878,0.251189362837367,sample_34
0.250313585265833,0.249895381660208,0.249895381660377,0.249895651413582,sample_35
0.384958917274274,0.205013197084158,0.205013197098006,0.205014688543562,sample_36
0.248675990417597,0.248675834515305,0.248675833113015,0.253972341954083,sample_37
0.238062015729342,0.28581301960829,0.238062015729342,0.238062948933027,sample_38
0.24970460715573,0.250874936774633,0.24970460715573,0.249715848913908,sample_39
0.180789646799317,0.180789656202949,0.457624791345409,0.180795905652326,sample_40
0.249997854434056,0.249997854434074,0.249997854434056,0.250006436697815,sample_41
0.249564809775199,0.249564809655796,0.249564809655545,0.251305570913461,sample_42
0.937365245584222,0.0208777698182078,0.0208777698182078,0.0208792147793623,sample_43
0.216053554020119,0.216053554020227,0.351839268200599,0.216053623759055,sample_44
0.249978731568332,0.249978731568344,0.249978737000706,0.250063799862618,sample_45
0.249811397587918,0.24981139759172,0.249811398071854,0.250565806748508,sample_46
0.231376012792182,0.23137601351847,0.30587194400746,0.231376029681888,sample_47
0.249888667398757,0.249888832465503,0.250295320243258,0.249927179892482,sample_48
0.322087652696061,0.225970493835822,0.225970493835821,0.225971359632297,sample_49
0.484472120386049,0.171841631719922,0.171841631719867,0.171844616174162,sample_50
0.249994413845337,0.24995146230313,0.249951468439803,0.250102655411731,sample_51
0.249917870957834,0.250246191343067,0.249918031844196,0.249917905854903,sample_52
0.249961055299072,0.249961055299098,0.249961378739196,0.250116510662634,sample_53
0.246355955425357,0.246355998084698,0.260931112625947,0.246356933863998,sample_54
0.249997860371226,0.250006411809255,0.249997860371226,0.249997867448294,sample_55
0.204939393938056,0.204940649471608,0.385177240029197,0.204942716561139,sample_56
0.447928431427754,0.184023837538264,0.184023837538264,0.184023893495718,sample_57
0.234603532551638,0.29618935487035,0.234603533682652,0.23460357889536,sample_58
0.249170163915245,0.252489507713628,0.249170163915245,0.249170164455882,sample_59
0.388231598506736,0.203896938877183,0.203896938876971,0.203974523739111,sample_60
0.249947375251904,0.249947375249665,0.249947375249651,0.250157874248779,sample_61
0.246716947204655,0.246716947204675,0.25984873205167,0.246717373539,sample_62
0.129746974529778,0.129746974843427,0.610753222826803,0.129752827799992,sample_63
0.248332549904535,0.246526000694842,0.246525999171847,0.258615450228776,sample_64
0.154640405072111,0.154676451060366,0.535805118670095,0.154878025197428,sample_65
0.249886697181999,0.249886431107812,0.249886431107812,0.250340440602377,sample_66
0.232569687418193,0.232570487944495,0.302288644441317,0.232571180195995,sample_67
0.0997224155871985,0.0997224390062337,0.700832484058425,0.0997226613481431,sample_68
0.247525894118723,0.247525923674671,0.257421549285888,0.247526632920717,sample_69
0.249953475864743,0.249953494340032,0.249953475864743,0.250139553930482,sample_70
0.237723427566274,0.286829488903898,0.237723427566274,0.237723655963555,sample_71
0.246971518208832,0.259085442297346,0.246971518208832,0.24697152128499,sample_72
0.249997394251532,0.249997391946374,0.249997391946313,0.250007821855782,sample_73
0.249919206672641,0.249919206672569,0.249919206672569,0.250242379982221,sample_74
0.246133221414301,0.261600330447085,0.246133221414301,0.246133226724313,sample_75
0.249250327428203,0.252248792031951,0.249250327428203,0.249250553111643,sample_76
0.229362970549034,0.229362974565642,0.311911065462543,0.229362989422781,sample_77
0.112435098920697,0.112435104606011,0.66269366828973,0.112436128183562,sample_78
0.101915415914177,0.101916849614249,0.694241136678294,0.101926597793279,sample_79
0.24879063705022,0.253623923595025,0.24879063705022,0.248794802304535,sample_80
0.237442991959145,0.28766224930802,0.237442991959145,0.23745176677369,sample_81
0.250058813786173,0.249902423340783,0.249902423340772,0.250136339532273,sample_82
0.248145723947672,0.248145734577958,0.255544332785232,0.248164208689137,sample_83
0.263151567744979,0.245586218205822,0.245586218205818,0.24567599584338,sample_84
0.249705060793722,0.249705080287185,0.250882213585789,0.249707645333304,sample_85
0.12232766956471,0.122347352942169,0.632958385888393,0.122366591604729,sample_86
0.225915409415449,0.225915413374378,0.322253454434079,0.225915722776095,sample_87
0.248521760547597,0.248522283906061,0.25443401137774,0.248521944168602,sample_88
0.249891853813447,0.249891853882653,0.24989185381345,0.25032443849045,sample_89
0.606933260116429,0.131021129670284,0.131021129670284,0.131024480543004,sample_90
0.242368695079278,0.272893914674488,0.242368695079278,0.242368695166957,sample_91
0.234936496200974,0.234936496200982,0.295188518007378,0.234938489590666,sample_92
0.261257230320796,0.246242420568603,0.246242420540969,0.246257928569632,sample_93
0.24965769937979,0.2496577008221,0.251015527559958,0.249669072238153,sample_94
0.123087596719298,0.123087616540409,0.630726836896717,0.123097949843577,sample_95
0.24828770903821,0.2482877091243,0.248287724760483,0.255136857077008,sample_96
0.249999870368605,0.249999870380223,0.249999870368605,0.250000388882567,sample_97
0.441573138886502,0.186142090537073,0.186142090537073,0.186142680039352,sample_98
0.249857870279967,0.249857870279976,0.249857870499857,0.2504263889402,sample_99
0.249668114989445,0.249668114990543,0.249668114989378,0.250995655030634,sample_100
0.249038298254898,0.249038298254992,0.252885090013514,0.249038313476596,sample_101
0.249970320398844,0.249970320715616,0.249970320398813,0.250089038486727,sample_102
0.249978121490753,0.250026928183816,0.249978121490757,0.250016828834674,sample_103
0.249927177332684,0.249927177332694,0.249927177332782,0.25021846800184,sample_104
0.643369950258479,0.118876109513852,0.118876109513851,0.118877830713818,sample_105
0.564695182941344,0.14508509864656,0.145085098646577,0.145134619765518,sample_106
0.196076726143382,0.411769339432454,0.196076726143382,0.196077208280782,sample_107
0.520789377316777,0.159736808824133,0.159736808824156,0.159737005034934,sample_108
0.249472651125286,0.249472646659114,0.249472646658749,0.251582055556852,sample_109
0.249580675619865,0.249580675606757,0.249580683246427,0.251257965526951,sample_110
0.24957824056504,0.249578075880498,0.249578075880498,0.251265607673963,sample_111
0.249886110755602,0.249886094924735,0.249886094924719,0.250341699394945,sample_112
0.158065311724681,0.158065311739037,0.525803974424954,0.158065402111329,sample_113
0.249910714366452,0.250267855003583,0.249910714366452,0.249910716263514,sample_114
0.247977776446873,0.25606653224214,0.247977824760902,0.247977866550086,sample_115
0.223953043177133,0.223953044704416,0.328140006967395,0.223953905151056,sample_116
0.137315316416087,0.137318771423267,0.588047771797259,0.137318140363388,sample_117
0.249541441534377,0.25137562263377,0.24954144153437,0.249541494297483,sample_118
0.534058010775526,0.155311750366305,0.155311750366293,0.155318488491877,sample_119
0.329768043460464,0.223409056047425,0.223409056047421,0.22341384444469,sample_120
0.249997773865584,0.250006678204957,0.249997773865584,0.249997774063875,sample_121
0.249884873810615,0.249884873809651,0.249884873809651,0.250345378570082,sample_122
0.249829868071793,0.249829871816398,0.250510076777892,0.249830183333917,sample_123
0.248732185390072,0.253803318445289,0.248732185390072,0.248732310774567,sample_124
0.249975485250237,0.249975485250237,0.249975485250238,0.250073544249288,sample_125
0.234855151031211,0.234855393979941,0.295433632035704,0.234855822953145,sample_126
0.297837827553815,0.234053747005543,0.234053747388143,0.234054678052499,sample_127
0.24998883444938,0.2499888344494,0.249988863739153,0.250033467362068,sample_128
0.249722642827948,0.249722643058463,0.249722642827912,0.250832071285677,sample_129
0.24971529431092,0.250853911334698,0.249715294352289,0.249715500002093,sample_130
0.242539836059699,0.242539422856958,0.242539421024801,0.272381320058542,sample_131
0.248954414916494,0.24895399219361,0.248953991082028,0.253137601807867,sample_132
0.249987078869609,0.249987083643213,0.249987080247152,0.250038757240027,sample_133
0.270184512632002,0.243253207256465,0.243253207256331,0.243309072855203,sample_134
0.223069623058053,0.223071711141852,0.330787385898653,0.223071279901442,sample_135
0.248835066308759,0.253494763409505,0.248835066308759,0.248835103972976,sample_136
0.487130962159811,0.17095563651309,0.170955636513068,0.170957764814031,sample_137
0.250075479651327,0.249970652578304,0.249970652577766,0.249983215192603,sample_138
0.249791998529146,0.249792623154588,0.250522307951443,0.249893070364824,sample_139
0.247672625358485,0.256982111506016,0.247672625358485,0.247672637777015,sample_140
0.0874944957533147,0.0874944973031816,0.737516448332595,0.0874945586109087,sample_141
0.319225545265071,0.226923012903597,0.226923012903037,0.226928428928296,sample_142
0.249994419464103,0.24999441889228,0.24999441889228,0.250016742751338,sample_143
0.184182589239956,0.184182589239995,0.447441151103249,0.184193670416799,sample_144
0.249890225670991,0.249890225778927,0.24989022573769,0.250329322812392,sample_145
0.290641507013335,0.236248246481708,0.236248246480933,0.236862000024025,sample_146
0.168592928251614,0.16859319362857,0.494219986419883,0.168593891699933,sample_147
0.245806619268944,0.262580079263646,0.245806622837686,0.245806678629724,sample_148
0.218803264541512,0.343589408167194,0.218803264541538,0.218804062749756,sample_149
0.249501540736927,0.249508463949156,0.249501540736839,0.251488454577078,sample_150
0.256243866468654,0.247916569274642,0.247916569274642,0.247922994982063,sample_151
0.249146504084122,0.252560468809542,0.249146504084122,0.249146523022214,sample_152
0.249995108597727,0.249995108590977,0.249995108590656,0.250014674220641,sample_153
0.249956226659489,0.249956226659489,0.249956226659489,0.250131320021533,sample_154
0.264331745571057,0.245215325823642,0.245215325823382,0.24523760278192,sample_155
0.249888731501228,0.250333785460414,0.249888731502269,0.249888751536089,sample_156
0.249974927736577,0.249974927736594,0.249974927739096,0.250075216787733,sample_157
0.0674984489834739,0.0674986077834471,0.797503603812685,0.0674993394203943,sample_158
0.249992533430511,0.250022392037099,0.249992533430511,0.249992541101879,sample_159
0.249953279006251,0.249953373111621,0.249953279006251,0.250140068875877,sample_160
0.249817962108012,0.249817965315727,0.249817962100939,0.250546110475323,sample_161
0.264044000478082,0.245090309926941,0.245090309926944,0.245775379668034,sample_162
0.854151712694812,0.0486160743330155,0.0486160743330155,0.0486161386391568,sample_163
0.239524794597044,0.239524797550448,0.281418836247983,0.239531571604525,sample_164
0.545826812072652,0.151389795027676,0.151389795027676,0.151393597871995,sample_165
0.246591223453433,0.260225650204883,0.246591223453433,0.24659190288825,sample_166
0.248104019931008,0.255687799219573,0.248104019931008,0.248104160918412,sample_167
0.55153149521092,0.149489480305147,0.149489480304997,0.149489544178937,sample_168
0.259363389824653,0.24410717322713,0.244107173234241,0.252422263713976,sample_169
0.249962942702169,0.249962392848915,0.249962392848915,0.250112271600001,sample_170
0.249952786251645,0.25014164078059,0.249952786251645,0.24995278671612,sample_171
0.247327837454329,0.258015997591167,0.247327837454336,0.247328327500168,sample_172
0.244344816230275,0.266965487479947,0.244344816230275,0.244344880059503,sample_173
0.244506078618809,0.244506100127299,0.26648170383341,0.244506117420483,sample_174
0.249945935542768,0.249945948770441,0.249945935542768,0.250162180144024,sample_175
0.033173191975092,0.0331731920512951,0.900474791675081,0.0331788242985316,sample_176
0.24963449117296,0.249634491171527,0.249634491456605,0.251096526198908,sample_177
0.249762272664941,0.250712891633264,0.249762273787645,0.24976256191415,sample_178
0.526444764858071,0.157773390411208,0.157773390411208,0.158008454319513,sample_179
0.312312361334108,0.229225124048974,0.229225124048714,0.229237390568204,sample_180
0.0965009739569512,0.0965009739802785,0.710496802249233,0.0965012498135376,sample_181
0.249916274137047,0.249916283043623,0.249916295008386,0.250251147810944,sample_182
0.803930989990598,0.0653486915724477,0.0653486915724476,0.0653716268645065,sample_183
0.249893421334669,0.249893423136349,0.250319734074242,0.249893421454739,sample_184
0.21906600196758,0.219067637271486,0.342796748258451,0.219069612502484,sample_185
0.249815558503581,0.250553303350811,0.249815558503581,0.249815579642027,sample_186
0.249481400987822,0.249481413427791,0.249481401133117,0.25155578445127,sample_187
0.248276214028985,0.25516998647807,0.248276214028985,0.248277585463959,sample_188
0.244451055688024,0.244452375838528,0.266637717425641,0.244458851047807,sample_189
0.258890305396577,0.247018405160738,0.247018404917779,0.247072884524906,sample_190
0.249960254841243,0.250119227615977,0.249960254841244,0.249960262701536,sample_191
0.249947387358908,0.250157828722963,0.249947387358908,0.249947396559221,sample_192
0.249461818791512,0.251606468208331,0.249461818791512,0.249469894208644,sample_193
0.952586452905999,0.0158028789051613,0.0158028789051598,0.0158077892836794,sample_194
0.354376548632003,0.215206717256511,0.215206717256511,0.215210016854974,sample_195
0.816018293152538,0.0613230323711111,0.0613230323711025,0.061335642105248,sample_196
0.248253313726504,0.255239838575537,0.248253313726504,0.248253533971455,sample_197
0.191555078729428,0.191555082948432,0.425333244577824,0.191556593744316,sample_198
0.0774906572114119,0.0774916410797153,0.767416909471791,0.0776007922370818,sample_199
0.217736062582586,0.217736062586699,0.346791433924546,0.217736440906169,sample_200
0.249957985689775,0.250126042892116,0.249957985689775,0.249957985728335,sample_201
0.224035195304407,0.224035195324134,0.327893158365983,0.224036451005477,sample_202
0.241980644848922,0.274058057571596,0.241980644848922,0.241980652730561,sample_203
0.249831774912106,0.249831774912044,0.249831774912006,0.250504675263844,sample_204
0.248337308795306,0.248337308799876,0.248337308795248,0.25498807360957,sample_205
0.254078872076443,0.248640287639292,0.248640287639292,0.248640552644973,sample_206
0.249010590324103,0.249010590324102,0.249010590325626,0.252968229026169,sample_207
0.167636528963796,0.167636528963876,0.497090108161341,0.167636833910987,sample_208
0.245691083070915,0.262926407684403,0.245691083070915,0.245691426173768,sample_209
0.339951359030479,0.220005643469292,0.220005643469285,0.220037354030944,sample_210
0.906036828075066,0.0313209763683973,0.0313209763683896,0.0313212191881469,sample_211
0.248812283975258,0.248812275196241,0.248812275196241,0.253563165632261,sample_212
0.162660363803305,0.512018476035429,0.162660363803305,0.16266079635796,sample_213
0.226278819000972,0.22627881920304,0.321150535062195,0.226291826733793,sample_214
0.249789736521666,0.250630766308641,0.249789736521666,0.249789760648028,sample_215
0.248961744177179,0.253114767248906,0.248961744177179,0.248961744396737,sample_216
0.249904221508558,0.249903827575542,0.249903827575542,0.250288123340358,sample_217
0.245956663094022,0.262130009711064,0.245956663094022,0.245956664100892,sample_218
0.274451573008062,0.241847617561255,0.241847617561255,0.241853191869429,sample_219
0.249807337548716,0.250577973440432,0.24980733757605,0.249807351434801,sample_220
0.245807560937577,0.26257731711509,0.245807560937577,0.245807561009756,sample_221
0.249999376112939,0.249999376218243,0.249999376128511,0.250001871540307,sample_222
0.24754392941432,0.257351178072125,0.24754392941432,0.247560963099235,sample_223
0.216194619161402,0.21619462269613,0.351416137123636,0.216194621018832,sample_224
0.248962634976087,0.248962636134089,0.248962635027012,0.253112093862811,sample_225
0.248888910456041,0.253301366362764,0.248888910456041,0.248920812725154,sample_226
0.246179950528561,0.246179950533846,0.261460147694836,0.246179951242758,sample_227
0.249664502723805,0.249664772710443,0.249664501836764,0.251006222728989,sample_228
0.231868018244519,0.304395904729431,0.231868018244519,0.231868058781532,sample_229
0.299723093581547,0.233425334067962,0.233425334067948,0.233426238282544,sample_230
0.217423615313163,0.217423760178228,0.347724932183783,0.217427692324825,sample_231
0.122182219852889,0.12218222698843,0.63345188962382,0.122183663534861,sample_232
0.212272334280309,0.212272334745471,0.36318170160018,0.21227362937404,sample_233
0.244947789802826,0.265152351991624,0.244947789802826,0.244952068402724,sample_234
0.249842435987127,0.250472691706009,0.249842435987127,0.249842436319736,sample_235
0.249869769321407,0.249869769297556,0.249869769297556,0.250390692083481,sample_236
0.243252755963343,0.243252755963364,0.270235784642699,0.243258703430595,sample_237
0.32668661168965,0.224436078619479,0.224436078619479,0.224441231071393,sample_238
0.246633177257234,0.260100186546453,0.246633177257234,0.246633458939079,sample_239
0.24770665546571,0.247706625148696,0.247706624324347,0.256880095061246,sample_240
0.249989597556828,0.249989597556828,0.249989597556828,0.250031207329517,sample_241
0.249998406422655,0.249998406420122,0.249998406420122,0.250004780737101,sample_242
0.231469543349601,0.231469543445768,0.305590617970477,0.231470295234154,sample_243
0.249256460971399,0.249256465250443,0.249256460971407,0.252230612806752,sample_244
0.531914583910613,0.156021885389196,0.156021885389196,0.156041645310996,sample_245
0.2488848296566,0.248885453551282,0.253338384888852,0.248891331903266,sample_246
0.249011673340996,0.252964979910714,0.249011673340996,0.249011673407294,sample_247
0.245624683612781,0.245624690865895,0.263125899881375,0.245624725639949,sample_248
0.249591954749862,0.249591954749848,0.249591954749847,0.251224135750443,sample_249
0.248329572818617,0.248329572818641,0.25500986769051,0.248330986672232,sample_250
0.126294609959989,0.126323001390524,0.621070398579949,0.126311990069538,sample_251
0.248513355755764,0.248513356305847,0.254458845274016,0.248514442664373,sample_252
0.249931599357502,0.249931599353546,0.249931599361599,0.250205201927353,sample_253
0.230139398784162,0.230139424670754,0.309563696815653,0.230157479729431,sample_254
0.249608132323671,0.251118454377011,0.249608190752765,0.249665222546554,sample_255
0.249681474971988,0.249681474972327,0.250953904312362,0.249683145743323,sample_256
0.244328973824462,0.244329089737047,0.267012913353421,0.24432902308507,sample_257
0.249712915434328,0.250859939347938,0.249712915434328,0.249714229783407,sample_258
0.235483395625122,0.293549222463902,0.235483395625122,0.235483986285853,sample_259
0.243731059886521,0.268746300732599,0.243731059886529,0.243791579494351,sample_260
0.249991429084554,0.249991429084558,0.249991429097946,0.250025712732942,sample_261
0.249992289734649,0.249992289734652,0.249992289734649,0.250023130796051,sample_262
0.248179301946215,0.248179301967749,0.248179574155619,0.255461821930417,sample_263
0.249887004563188,0.249887004563887,0.249887004563188,0.250338986309737,sample_264
0.239190955649646,0.239190955869753,0.282426870854984,0.239191217625617,sample_265
0.242066150002441,0.242066150007831,0.273801515979119,0.242066184010609,sample_266
0.249492232433433,0.251523025290223,0.249492232433433,0.249492509842911,sample_267
0.230654064648172,0.308036868947193,0.230654064648172,0.230655001756462,sample_268
0.249541963344054,0.251374050657234,0.249541963344054,0.249542022654657,sample_269
0.249995305275362,0.249995854972603,0.249995305275363,0.250013534476671,sample_270
0.249983539127916,0.250048594355995,0.249983539127916,0.249984327388173,sample_271
0.340385195657969,0.219857002133369,0.219857002223426,0.219900799985236,sample_272
0.245794582924162,0.262616244051205,0.245794582924372,0.245794590100261,sample_273
0.11879922789455,0.118799228082164,0.6436022541222,0.118799289901086,sample_274
0.249885392592102,0.249888094570825,0.249885392592392,0.250341120244682,sample_275
0.0817252598455633,0.08172879578325,0.754354453521336,0.0821914908498505,sample_276
0.239447555214995,0.281657264369664,0.239447555214995,0.239447625200346,sample_277
0.245210866146494,0.24521404534612,0.26429979848635,0.245275290021036,sample_278
0.162187088334477,0.162187088344928,0.513438592745461,0.162187230575133,sample_279
0.249772290513495,0.249772291250026,0.249772290513519,0.25068312772296,sample_280
0.249329417092519,0.249329417092521,0.252011705775064,0.249329460039897,sample_281
0.220927137291306,0.220927789125526,0.337217888589472,0.220927184993696,sample_282
0.21311190398858,0.360651876691161,0.213111903988581,0.213124315331678,sample_283
0.249925475500926,0.249925477933476,0.250214676760086,0.249934369805512,sample_284
0.249938822008706,0.249938822011448,0.249938822008706,0.25018353397114,sample_285
0.246153006206073,0.261540148800213,0.246153006206081,0.246153838787633,sample_286
0.24995826078631,0.250112410146433,0.249958260786311,0.249971068280946,sample_287
0.249141946042781,0.249140922274944,0.249140922275629,0.252576209406646,sample_288
0.249913798662962,0.249913798898881,0.24991379866296,0.250258603775197,sample_289
0.249884919615582,0.250345145278114,0.249884919615584,0.24988501549072,sample_290
0.239998817007674,0.239999283800347,0.239998806085057,0.280003093106923,sample_291
0.249798652574327,0.249798652458185,0.24979865245821,0.250604042509278,sample_292
0.219138563242259,0.219138563244583,0.342584301751869,0.21913857176129,sample_293
0.249934137395405,0.249934137395407,0.249934137395405,0.250197587813784,sample_294
0.249847618726958,0.249847606104035,0.249847606104035,0.250457169064973,sample_295
0.234488590919256,0.29653422533804,0.234488590919256,0.234488592823449,sample_296
0.248866064569917,0.24886604224892,0.248866042248865,0.253401850932298,sample_297
0.249517078996696,0.2514209876751,0.249517078996696,0.249544854331509,sample_298
0.246647942175727,0.246647942176064,0.260002031498544,0.246702084149665,sample_299
0.249989727535329,0.249989727535329,0.249989729241455,0.250030815687888,sample_300
0.158373334244195,0.158373334256788,0.524879383788528,0.158373947710488,sample_301
0.232344365645583,0.232344365982849,0.302966718881499,0.232344549490069,sample_302
0.249995015672341,0.250014952974069,0.249995015672341,0.249995015681249,sample_303
0.249751601262237,0.250744385541768,0.249751601262237,0.249752411933758,sample_304
0.318690467284243,0.226990738581853,0.22699073858185,0.227328055552055,sample_305
0.249648991609463,0.249648992229954,0.25105157359708,0.249650442563503,sample_306
0.249250674972166,0.249247153865183,0.249247153865183,0.252255017297468,sample_307
0.249985215267572,0.25004435419378,0.249985215267572,0.249985215271076,sample_308
0.249999146088289,0.249998976193025,0.24999897619304,0.250002901525647,sample_309
0.246587440408619,0.246587440410045,0.260237669193983,0.246587449987353,sample_310
0.122619107372446,0.122619860796122,0.632129127261037,0.122631904570395,sample_311
0.249149691753891,0.249149692187679,0.24914969175502,0.252550924303411,sample_312
0.238262905187835,0.238259326354579,0.238259326354315,0.285218442103271,sample_313
0.820079877072454,0.0599733675322083,0.0599733675322083,0.0599733878631297,sample_314
0.249852757723862,0.25044166113633,0.249852757723862,0.249852823415946,sample_315
0.400234417128207,0.199757610519733,0.199757610504945,0.200250361847115,sample_316
0.0819431597298701,0.0819431606588933,0.754166083958717,0.0819475956525194,sample_317
0.249625691787778,0.249625691784168,0.249625691784168,0.251122924643887,sample_318
0.23572015118435,0.292839527529015,0.23572015118435,0.235720170102284,sample_319
0.502410652716455,0.165847535610398,0.16584753561038,0.165894276062767,sample_320
0.249977588832358,0.249977588832358,0.249977588833077,0.250067233502207,sample_321
0.44918923847192,0.183603491657612,0.183603491657393,0.183603778213075,sample_322
0.248949081035696,0.253152661155053,0.248949081035696,0.248949176773556,sample_323
0.248841946553666,0.248844510345428,0.248841907349079,0.253471635751827,sample_324
0.249964341171621,0.250106799571642,0.249964341171633,0.249964518085104,sample_325
0.296545080325658,0.234478194811195,0.234478194796296,0.234498530066851,sample_326
0.242910903229242,0.242916010571444,0.271208765123558,0.242964321075756,sample_327
0.225241615227555,0.225241618851422,0.324270950512233,0.225245815408789,sample_328
0.249998340441148,0.249998342919994,0.249998344362143,0.250004972276716,sample_329
0.249998444763118,0.250004662981,0.249998444763118,0.249998447492765,sample_330
0.301556212582551,0.232810728431259,0.232810728438561,0.232822330547629,sample_331
0.248493479174674,0.254519562401086,0.248493479174674,0.248493479249567,sample_332
0.24935155048203,0.249351550325702,0.249351550325702,0.251945348866567,sample_333
0.249904441829381,0.249904441829381,0.249904441829381,0.250286674511856,sample_334
0.238744014060241,0.238748594731883,0.238744013957268,0.283763377250608,sample_335
0.138388136116593,0.138388136651737,0.584819549125054,0.138404178106616,sample_336
0.249946665032775,0.249946664105754,0.249946663677791,0.25016000718368,sample_337
0.12316932718378,0.123169327198134,0.630491715737785,0.123169629880302,sample_338
0.249630097319478,0.249630097319794,0.251109111977552,0.249630693383176,sample_339
0.203381467184291,0.203381467537588,0.389775956718912,0.203461108559209,sample_340
0.246853125815951,0.259440539182706,0.246853125815951,0.246853209185392,sample_341
0.249540650339624,0.251332938557257,0.249540650350987,0.249585760752132,sample_342
0.110374262119809,0.110374262204919,0.668876226607574,0.110375249067699,sample_343
0.578348165525431,0.140550428063135,0.140550428063134,0.1405509783483,sample_344
0.105467901815448,0.105467902867478,0.683596241771129,0.105467953545945,sample_345
0.249165732177536,0.249168189316185,0.2524997013974,0.24916637710888,sample_346
0.239972056972803,0.280083823929504,0.239972056972803,0.239972062124891,sample_347
0.249998021264115,0.249995714579787,0.249995714579714,0.250010549576383,sample_348
0.0731837342964689,0.0731837352347822,0.78044813264177,0.0731843978269787,sample_349
0.246578092040436,0.260264273922942,0.246578092040436,0.246579541996187,sample_350
0.248874905770266,0.248891002428383,0.25334548126224,0.24888861053911,sample_351
0.242493518885551,0.27251934521209,0.242493518885551,0.242493617016807,sample_352
0.249968344037954,0.249968344038033,0.249968344037949,0.250094967886064,sample_353
0.36965869125278,0.210111063461625,0.210111063411284,0.210119181874311,sample_354
0.249608693269057,0.251173875390816,0.249608693269059,0.249608738071069,sample_355
0.23392201402506,0.29823393520566,0.23392201402506,0.23392203674422,sample_356
0.250258896578086,0.249913520082691,0.249913520082697,0.249914063256526,sample_357
0.128184424441707,0.128184424453884,0.615443687078901,0.128187464025508,sample_358
0.452757049003059,0.182412106844054,0.182412106844054,0.182418737308833,sample_359
0.2497844119912,0.250646338591861,0.2497844119912,0.24978483742574,sample_360
0.248420771031194,0.248491186893939,0.254667081872782,0.248420960202085,sample_361
0.236787490394751,0.236787490394752,0.289637310764388,0.236787708446109,sample_362
0.249978322749759,0.249978322790849,0.249980975202099,0.250062379257293,sample_363
0.192580125566179,0.192580127093439,0.422258263619278,0.192581483721104,sample_364
0.255056862043378,0.248314378416954,0.24831437841695,0.248314381122718,sample_365
0.237974841926767,0.237974841930156,0.286075452754208,0.237974863388869,sample_366
0.249141905017091,0.252558296846045,0.249157887525673,0.249141910611191,sample_367
0.249811933423057,0.249811933423171,0.249811933423046,0.250564199730726,sample_368
0.249972171613957,0.24997217157942,0.24997217157942,0.250083485227204,sample_369
0.245798361678405,0.245798359083595,0.245798359069722,0.262604920168278,sample_370
0.229319045180989,0.311920523802932,0.229319045180989,0.22944138583509,sample_371
0.25672974598394,0.247756569808886,0.247756569808886,0.247757114398287,sample_372
0.145430572370009,0.145430572371086,0.563708251756851,0.145430603502054,sample_373
0.258000618021883,0.247332116421309,0.247332116421309,0.247335149135498,sample_374
0.514521584254095,0.161819907417715,0.161819907417713,0.161838600910477,sample_375
0.308568496332985,0.230467954493988,0.230467954494371,0.230495594678657,sample_376
0.246727936158756,0.259816190367998,0.246727936158756,0.24672793731449,sample_377
0.249960852524654,0.249960852524671,0.249960902424271,0.250117392526405,sample_378
0.559672154737486,0.146775838478475,0.146775838478475,0.146776168305564,sample_379
0.248810215728649,0.248810215832459,0.248810215728697,0.253569352710196,sample_380
0.344033436133906,0.21865214870356,0.218652148703496,0.218662266459038,sample_381
0.245999058338042,0.262002824066597,0.245999058338042,0.24599905925732,sample_382
0.246474291664349,0.246474304740452,0.260577043901664,0.246474359693535,sample_383
0.249780306324534,0.250658889339248,0.249780306324587,0.249780498011632,sample_384
0.619260461121857,0.126912978999674,0.126912978999674,0.126913580878795,sample_385
0.249995416314644,0.249995416314644,0.249995416314644,0.250013751056068,sample_386
0.249672131226773,0.249672318942274,0.250607236761251,0.250048313069702,sample_387
0.491992260879436,0.169335501820374,0.169335501820374,0.169336735479816,sample_388
0.0760377516163782,0.0760377518620587,0.771886687701885,0.0760378088196783,sample_389
0.249390033534558,0.249390033536503,0.249390033534557,0.251829899394382,sample_390
0.172974363766995,0.172974363895624,0.481076447320337,0.172974825017044,sample_391
0.249650574066085,0.251048277136961,0.249650574066085,0.24965057473087,sample_392
0.187489926557785,0.437530193988882,0.187489926557785,0.187489952895548,sample_393
0.249778201969605,0.249778190581373,0.249778190581106,0.250665416867915,sample_394
0.245164762270508,0.264490184961889,0.245164829226835,0.245180223540767,sample_395
0.249980888646798,0.249980888650955,0.249980888688339,0.250057334013909,sample_396
0.24998096598722,0.249980938488534,0.249980938488533,0.250057157035713,sample_397
0.0701250521493719,0.0701299917415253,0.789619486999618,0.0701254691094854,sample_398
0.873958385040523,0.0420136887994815,0.0420136887994799,0.0420142373605154,sample_399
0.302545381681194,0.23248468266079,0.23248468266079,0.232485252997226,sample_400
0.249958472082935,0.249958471964706,0.249958471964652,0.250124583987707,sample_401
0.654021871857723,0.115319345379162,0.115319345379162,0.115339437383953,sample_402
0.245073239961117,0.245054481234611,0.245054481234625,0.264817797569647,sample_403
0.24694341701554,0.258973569115487,0.246943417021187,0.247139596847786,sample_404
0.246814780248518,0.259555654615481,0.246814780250593,0.246814784885408,sample_405
0.224750332346083,0.224750332350357,0.325748899996542,0.224750435307018,sample_406
0.249896404816958,0.249896404820371,0.249896460828575,0.250310729534096,sample_407
0.200086969044904,0.399739092528192,0.200086969044904,0.200086969382001,sample_408
0.240069509295004,0.240069509356973,0.279790499224603,0.24007048212342,sample_409
0.249998316999535,0.250004995704343,0.249998316999535,0.249998370296588,sample_410
0.249998624517776,0.249998742906126,0.249998624517777,0.250004008058322,sample_411
0.241623819290345,0.275126866126773,0.241623819290345,0.241625495292537,sample_412
0.249891478532697,0.24988912653904,0.249889126418129,0.250330268510134,sample_413
0.239949074547589,0.239949076721381,0.280152769415406,0.239949079315624,sample_414
0.672380401254832,0.109206409733266,0.109206409733266,0.109206779278636,sample_415
0.249264108151109,0.249264108151342,0.249264108151109,0.25220767554644,sample_416
0.246707357751898,0.246708098867427,0.259876824445944,0.24670771893473,sample_417
0.215693160371177,0.215693162682689,0.352903359246942,0.215710317699191,sample_418
0.249069275411375,0.252791990050637,0.249069275411375,0.249069459126614,sample_419
0.249989949851187,0.249989949851177,0.249989949851177,0.250030150446458,sample_420
0.249997105199137,0.249997105244,0.250008666918494,0.249997122638369,sample_421
0.246412958877782,0.246413004633633,0.260758669697865,0.246415366790721,sample_422
0.249726954702803,0.249716514089238,0.249716514062622,0.250840017145337,sample_423
0.39334521143176,0.202218104006108,0.202218104006108,0.202218580556024,sample_424
0.272479936255303,0.242506532182896,0.242506532182895,0.242506999378905,sample_425
0.249965765656356,0.25010269801238,0.249965765656356,0.249965770674907,sample_426
0.784160200212514,0.0719461971119496,0.0719461971119497,0.0719474055635865,sample_427
0.231343425223634,0.231343425439298,0.305967128783327,0.231346020553742,sample_428
0.24961281215403,0.249612871809172,0.249612812154522,0.251161503882276,sample_429
0.249386309670774,0.249386309859671,0.249386309670774,0.251841070798781,sample_430
0.715983495778902,0.0946716334315522,0.0946716334315508,0.094673237357995,sample_431
0.257058340571298,0.247500096781851,0.247500096814472,0.24794146583238,sample_432
0.261576190937796,0.246140348450238,0.246140348349923,0.246143112262043,sample_433
0.249961237814535,0.249961237814844,0.249961237814536,0.250116286556085,sample_434
0.249842242622411,0.249842242622899,0.249842242622411,0.25047327213228,sample_435
0.249739460873638,0.249739443886986,0.249739432179169,0.250781663060207,sample_436
0.265899311192982,0.244695041752711,0.244695041752712,0.244710605301595,sample_437
0.245381925754539,0.263851958073594,0.245381925760396,0.245384190411471,sample_438
0.249996169544077,0.249996170475999,0.249996169544077,0.250011490435848,sample_439
0.248513258348652,0.254460223541943,0.248513258348652,0.248513259760753,sample_440
0.150604862358487,0.15060486235849,0.548185288480207,0.150604986802815,sample_441
0.247201855662765,0.258394200828908,0.247201855662765,0.247202087845563,sample_442
0.218491187902086,0.218491187907234,0.344526426654196,0.218491197536485,sample_443
0.249367656113142,0.251896994931381,0.249367656113142,0.249367692842336,sample_444
0.249997628458286,0.249997628458398,0.249997688980776,0.25000705410254,sample_445
0.119587782133637,0.119587782139049,0.641235344035602,0.119589091691712,sample_446
0.222956448868975,0.331130436218702,0.222956448868975,0.222956666043347,sample_447
0.249899716362258,0.249899716400886,0.25017466096425,0.250025906272606,sample_448
0.5497529423448,0.150082272142146,0.150082272142146,0.150082513370908,sample_449
0.249969121266955,0.249969241668192,0.250092514423992,0.249969122640861,sample_450
0.249310493173777,0.252068498478055,0.249310493173777,0.249310515174391,sample_451
0.247855734751807,0.256432776534309,0.247855734751825,0.247855753962059,sample_452
0.249365475756454,0.251903571293118,0.24936547577374,0.249365477176688,sample_453
0.649608939357057,0.116796948115553,0.116796948115553,0.116797164411836,sample_454
0.246951995814153,0.259141948579634,0.246951995814153,0.24695405979206,sample_455
0.249968458542808,0.250094623149447,0.249968458542808,0.249968459764937,sample_456
0.249569282675411,0.251292151606029,0.249569282675411,0.249569283043149,sample_457
0.257013867700823,0.247616117393995,0.247616117393995,0.247753897511186,sample_458
0.245393908975151,0.245393908975198,0.263818268674193,0.245393913375458,sample_459
0.233827508690022,0.298517424737643,0.233827508690022,0.233827557882313,sample_460
0.249993993821492,0.249993993843925,0.249993993821492,0.250018018513091,sample_461
0.249974381609588,0.249975018548011,0.250076216839715,0.249974383002686,sample_462
0.253024160257323,0.248991906820296,0.248991906820296,0.248992026102084,sample_463
0.24930688241477,0.249306878981837,0.249306878981835,0.252079359621558,sample_464
0.174377666561937,0.476801083535239,0.174377666561937,0.174443583340888,sample_465
0.215453347434847,0.215453355959883,0.353600688643402,0.215492607961869,sample_466
0.249129177353682,0.252612123547545,0.24912934146407,0.249129357634703,sample_467
0.249020325941309,0.252939017800344,0.249020325941309,0.249020330317038,sample_468
0.24996170277483,0.249961698762872,0.249962961494358,0.250113636967941,sample_469
0.249810351250791,0.250568813492367,0.249810351250791,0.249810484006051,sample_470
0.659722425106743,0.113425082885665,0.113425082885665,0.113427409121927,sample_471
0.105968262092226,0.105968262095634,0.682083599581722,0.105979876230419,sample_472
0.24991578853645,0.249915788538848,0.24991578853645,0.250252634388251,sample_473
0.254050821659394,0.248272865418971,0.248272865370882,0.249403447550753,sample_474
0.240325641749632,0.240325641749943,0.279022968912478,0.240325747587947,sample_475
0.249959592063417,0.250121220711993,0.249959592063417,0.249959595161173,sample_476
0.2499177808829,0.249917781457697,0.249917780882903,0.2502466567765,sample_477
0.0680902818745737,0.0680902866622492,0.795728091401062,0.0680913400621156,sample_478
0.463386981748197,0.178867756051027,0.178867756051021,0.178877506149755,sample_479
0.249004763329923,0.25295878302869,0.249004763329923,0.249031690311465,sample_480
0.286145331138743,0.237950257908831,0.23795025790883,0.237954153043596,sample_481
0.24984402017924,0.250467866230403,0.249844020214543,0.249844093375813,sample_482
0.249922149901047,0.250233027028293,0.249922149901047,0.249922673169612,sample_483
0.287269395804835,0.237574863062686,0.23757486306058,0.237580878071899,sample_484
